yfcc-batch1/719.mp4, -1, -1, 80.65625
yfcc-batch1/726.mp4, -1, -1, 50.5
yfcc-batch1/737.mp4, -1, -1, 80.84848484848479
yfcc-batch1/738.mp4, -1, -1, 45.3928571428571
yfcc-batch1/750.mp4, -1, -1, 56.6
yfcc-batch1/751.mp4, -1, -1, 61.8928571428571
yfcc-batch1/759.mp4, -1, -1, 59.6969696969697
yfcc-batch1/756.mp4, -1, -1, 52.8333333333333
yfcc-batch1/767.mp4, -1, -1, 66.8611111111111
yfcc-batch1/772.mp4, -1, -1, 68.6111111111111
yfcc-batch1/789.mp4, -1, -1, 70.2222222222222
yfcc-batch1/795.mp4, -1, -1, 47.0344827586207
yfcc-batch1/801.mp4, -1, -1, 60.290322580645196
yfcc-batch1/802.mp4, -1, -1, 79.3448275862069
yfcc-batch1/814.mp4, -1, -1, 47.3125
yfcc-batch1/817.mp4, -1, -1, 66.3142857142857
yfcc-batch1/818.mp4, -1, -1, 73.6969696969697
yfcc-batch1/6.mp4, -1, -1, 90.8235294117647
yfcc-batch1/3.mp4, -1, -1, 55.55882352941179
yfcc-batch1/14.mp4, -1, -1, 78.80555555555559
yfcc-batch1/21.mp4, -1, -1, 69.625
yfcc-batch1/33.mp4, -1, -1, 53.68571428571429
yfcc-batch1/35.mp4, -1, -1, 75.08571428571429
yfcc-batch1/48.mp4, -1, -1, 72.35483870967741
yfcc-batch1/62.mp4, -1, -1, 75.0666666666667
yfcc-batch1/73.mp4, -1, -1, 46.8571428571429
yfcc-batch1/74.mp4, -1, -1, 63.1388888888889
yfcc-batch1/86.mp4, -1, -1, 77.875
yfcc-batch1/101.mp4, -1, -1, 78.4054054054054
yfcc-batch1/115.mp4, -1, -1, 72.4848484848485
yfcc-batch1/118.mp4, -1, -1, 74.1388888888889
yfcc-batch1/152.mp4, -1, -1, 51.5
yfcc-batch1/151.mp4, -1, -1, 65.5
yfcc-batch1/171.mp4, -1, -1, 70.7894736842105
yfcc-batch1/224.mp4, -1, -1, 71.03571428571429
yfcc-batch1/222.mp4, -1, -1, 52.5294117647059
yfcc-batch1/232.mp4, -1, -1, 65.4285714285714
yfcc-batch1/252.mp4, -1, -1, 54.4705882352941
yfcc-batch1/253.mp4, -1, -1, 59.387096774193495
yfcc-batch1/250.mp4, -1, -1, 66.5
yfcc-batch1/258.mp4, -1, -1, 84.7241379310345
yfcc-batch1/271.mp4, -1, -1, 64.0967741935484
yfcc-batch1/272.mp4, -1, -1, 58.741935483871
yfcc-batch1/290.mp4, -1, -1, 69.57575757575759
yfcc-batch1/296.mp4, -1, -1, 57.6285714285714
yfcc-batch1/319.mp4, -1, -1, 82.4
yfcc-batch1/326.mp4, -1, -1, 83.3448275862069
yfcc-batch1/351.mp4, -1, -1, 73.25
yfcc-batch1/367.mp4, -1, -1, 76.6111111111111
yfcc-batch1/380.mp4, -1, -1, 70.03125
yfcc-batch1/382.mp4, -1, -1, 70.741935483871
yfcc-batch1/388.mp4, -1, -1, 73.6176470588236
yfcc-batch1/402.mp4, -1, -1, 76.46428571428571
yfcc-batch1/411.mp4, -1, -1, 78.4722222222222
yfcc-batch1/433.mp4, -1, -1, 71.2571428571428
yfcc-batch1/459.mp4, -1, -1, 55.65625
yfcc-batch1/460.mp4, -1, -1, 72.7352941176471
yfcc-batch1/484.mp4, -1, -1, 62.264705882352885
yfcc-batch1/478.mp4, -1, -1, 68.0
yfcc-batch1/481.mp4, -1, -1, 83.0
yfcc-batch1/487.mp4, -1, -1, 74.9677419354839
yfcc-batch1/489.mp4, -1, -1, 69.4545454545455
yfcc-batch1/500.mp4, -1, -1, 77.6551724137931
yfcc-batch1/504.mp4, -1, -1, 44.0
yfcc-batch1/514.mp4, -1, -1, 72.84848484848479
yfcc-batch1/518.mp4, -1, -1, 73.9117647058823
yfcc-batch1/523.mp4, -1, -1, 68.1666666666667
yfcc-batch1/530.mp4, -1, -1, 80.1875
yfcc-batch1/529.mp4, -1, -1, 86.8484848484848
yfcc-batch1/535.mp4, -1, -1, 63.2
yfcc-batch1/532.mp4, -1, -1, 61.5
yfcc-batch1/539.mp4, -1, -1, 20.78125
yfcc-batch1/552.mp4, -1, -1, 73.6206896551724
yfcc-batch1/567.mp4, -1, -1, 79.65625
yfcc-batch1/570.mp4, -1, -1, 71.9210526315789
yfcc-batch1/582.mp4, -1, -1, 58.6451612903226
yfcc-batch1/587.mp4, -1, -1, 69.6666666666667
yfcc-batch1/595.mp4, -1, -1, 61.3529411764706
yfcc-batch1/598.mp4, -1, -1, 59.8181818181818
yfcc-batch1/597.mp4, -1, -1, 61.903225806451594
yfcc-batch1/613.mp4, -1, -1, 68.0833333333333
yfcc-batch1/631.mp4, -1, -1, 65.6451612903226
yfcc-batch1/626.mp4, -1, -1, 60.4848484848485
yfcc-batch1/645.mp4, -1, -1, 75.4375
yfcc-batch1/663.mp4, -1, -1, 72.3030303030303
yfcc-batch1/672.mp4, -1, -1, 68.8787878787879
yfcc-batch1/686.mp4, -1, -1, 69.6451612903226
yfcc-batch1/696.mp4, -1, -1, 80.7096774193548
yfcc-batch1/705.mp4, -1, -1, 70.7647058823529
yfcc-batch1/709.mp4, -1, -1, 74.741935483871
yfcc-batch1/707.mp4, -1, -1, 58.9117647058824
yfcc-batch1/710.mp4, -1, -1, 84.625
yfcc-batch2/1199.mp4, -1, -1, 64.4716981132076
yfcc-batch2/1213.mp4, -1, -1, 85.13793103448279
yfcc-batch2/1218.mp4, -1, -1, 74.44
yfcc-batch2/1240.mp4, -1, -1, 45.0555555555556
yfcc-batch2/1260.mp4, -1, -1, 51.23076923076921
yfcc-batch2/1261.mp4, -1, -1, 62.224489795918394
yfcc-batch2/1281.mp4, -1, -1, 71.14
yfcc-batch2/1394.mp4, -1, -1, 45.734693877551
yfcc-batch2/1414.mp4, -1, -1, 65.0
yfcc-batch2/1523.mp4, -1, -1, 81.57446808510642
yfcc-batch2/1600.mp4, -1, -1, 70.42
yfcc-batch2/856.mp4, -1, -1, 79.65306122448979
yfcc-batch2/871.mp4, -1, -1, 49.78
yfcc-batch2/875.mp4, -1, -1, 69.5882352941177
yfcc-batch2/882.mp4, -1, -1, 65.33928571428571
yfcc-batch2/885.mp4, -1, -1, 72.65306122448979
yfcc-batch2/891.mp4, -1, -1, 66.73076923076921
yfcc-batch2/923.mp4, -1, -1, 68.7777777777778
yfcc-batch2/926.mp4, -1, -1, 70.0434782608696
yfcc-batch2/925.mp4, -1, -1, 48.5111111111111
yfcc-batch2/924.mp4, -1, -1, 60.6153846153846
yfcc-batch2/930.mp4, -1, -1, 72.14814814814821
yfcc-batch2/945.mp4, -1, -1, 72.5714285714286
yfcc-batch2/1034.mp4, -1, -1, 76.64
yfcc-batch2/1042.mp4, -1, -1, 58.625
yfcc-batch2/1041.mp4, -1, -1, 63.086956521739104
yfcc-batch2/1053.mp4, -1, -1, 55.41071428571429
yfcc-batch2/1103.mp4, -1, -1, 69.0408163265306
yfcc-batch2/1112.mp4, -1, -1, 48.375
yfcc-batch2/1168.mp4, -1, -1, 74.3207547169811
yfcc-batch2/1172.mp4, -1, -1, 73.66
yfcc-batch2/1173.mp4, -1, -1, 80.5106382978724
yfcc-batch2/1178.mp4, -1, -1, 68.5283018867924
yfcc-batch2/1187.mp4, -1, -1, 58.18867924528301
yfcc-batch3/2073.mp4, -1, -1, 78.97142857142859
yfcc-batch3/2092.mp4, -1, -1, 56.9
yfcc-batch3/2099.mp4, -1, -1, 59.9428571428571
yfcc-batch3/2124.mp4, -1, -1, 66.5882352941177
yfcc-batch3/2149.mp4, -1, -1, 67.1315789473684
yfcc-batch3/2159.mp4, -1, -1, 65.62857142857139
yfcc-batch3/2184.mp4, -1, -1, 56.94117647058821
yfcc-batch3/2211.mp4, -1, -1, 60.4318181818182
yfcc-batch3/2281.mp4, -1, -1, 56.736842105263214
yfcc-batch3/2310.mp4, -1, -1, 61.0888888888889
yfcc-batch3/2321.mp4, -1, -1, 63.6885245901639
yfcc-batch3/2339.mp4, -1, -1, 58.538461538461505
yfcc-batch3/2378.mp4, -1, -1, 70.70270270270271
yfcc-batch3/2382.mp4, -1, -1, 72.02
yfcc-batch3/2450.mp4, -1, -1, 76.89473684210529
yfcc-batch3/2459.mp4, -1, -1, 71.7777777777778
yfcc-batch3/1648.mp4, -1, -1, 75.6857142857143
yfcc-batch3/1662.mp4, -1, -1, 52.6944444444444
yfcc-batch3/1673.mp4, -1, -1, 59.70588235294121
yfcc-batch3/1706.mp4, -1, -1, 46.75
yfcc-batch3/1718.mp4, -1, -1, 60.6176470588235
yfcc-batch3/1736.mp4, -1, -1, 63.6111111111111
yfcc-batch3/1751.mp4, -1, -1, 66.1621621621622
yfcc-batch3/1777.mp4, -1, -1, 58.3513513513514
yfcc-batch3/1784.mp4, -1, -1, 65.3888888888889
yfcc-batch3/1800.mp4, -1, -1, 70.3055555555556
yfcc-batch3/1840.mp4, -1, -1, 56.222222222222214
yfcc-batch3/1849.mp4, -1, -1, 68.1388888888889
yfcc-batch3/1852.mp4, -1, -1, 65.2258064516129
yfcc-batch3/1859.mp4, -1, -1, 70.0
yfcc-batch3/1871.mp4, -1, -1, 71.9428571428571
yfcc-batch3/1882.mp4, -1, -1, 65.2258064516129
yfcc-batch3/1909.mp4, -1, -1, 75.3846153846154
yfcc-batch3/1938.mp4, -1, -1, 68.7297297297297
yfcc-batch3/1939.mp4, -1, -1, 52.8888888888889
yfcc-batch3/1956.mp4, -1, -1, 70.4054054054054
yfcc-batch3/1967.mp4, -1, -1, 59.148148148148096
yfcc-batch4/2837.mp4, -1, -1, 67.0833333333333
yfcc-batch4/2893.mp4, -1, -1, 76.2058823529412
yfcc-batch4/2908.mp4, -1, -1, 63.2702702702703
yfcc-batch4/2956.mp4, -1, -1, 78.8823529411765
yfcc-batch4/3034.mp4, -1, -1, 75.3333333333333
yfcc-batch4/3039.mp4, -1, -1, 75.44444444444441
yfcc-batch4/3058.mp4, -1, -1, 67.29729729729729
yfcc-batch4/3082.mp4, -1, -1, 65.25
yfcc-batch4/3103.mp4, -1, -1, 66.0285714285714
yfcc-batch4/3106.mp4, -1, -1, 69.9473684210526
yfcc-batch4/3145.mp4, -1, -1, 77.6388888888889
yfcc-batch4/3160.mp4, -1, -1, 70.29729729729729
yfcc-batch4/3169.mp4, -1, -1, 78.6
yfcc-batch4/3203.mp4, -1, -1, 60.17647058823529
yfcc-batch4/3258.mp4, -1, -1, 60.1176470588235
yfcc-batch4/3276.mp4, -1, -1, 58.8378378378378
yfcc-batch4/3107.mp4, -1, -1, 82.94736842105259
yfcc-batch4/2496.mp4, -1, -1, 71.0833333333333
yfcc-batch4/2501.mp4, -1, -1, 74.8823529411765
yfcc-batch4/2527.mp4, -1, -1, 74.91428571428571
yfcc-batch4/2542.mp4, -1, -1, 60.1081081081081
yfcc-batch4/2596.mp4, -1, -1, 56.56756756756761
yfcc-batch4/2653.mp4, -1, -1, 74.1212121212121
yfcc-batch4/2668.mp4, -1, -1, 59.7297297297297
yfcc-batch4/2690.mp4, -1, -1, 58.82857142857139
yfcc-batch4/2705.mp4, -1, -1, 61.8055555555556
yfcc-batch4/2731.mp4, -1, -1, 76.4358974358974
yfcc-batch4/2752.mp4, -1, -1, 78.0
yfcc-batch4/2769.mp4, -1, -1, 65.7894736842105
yfcc-batch4/2774.mp4, -1, -1, 59.675675675675706
yfcc-batch4/2815.mp4, -1, -1, 72.08571428571429
yfcc-batch5/3673.mp4, -1, -1, 61.6666666666667
yfcc-batch5/3684.mp4, -1, -1, 84.0
yfcc-batch5/3823.mp4, -1, -1, 71.0
yfcc-batch5/3824.mp4, -1, -1, 76.1470588235294
yfcc-batch5/3920.mp4, -1, -1, 81.7714285714286
yfcc-batch5/3937.mp4, -1, -1, 67.6857142857143
yfcc-batch5/3947.mp4, -1, -1, 73.9090909090909
yfcc-batch5/3989.mp4, -1, -1, 67.88571428571429
yfcc-batch5/4024.mp4, -1, -1, 58.0555555555556
yfcc-batch5/4036.mp4, -1, -1, 66.4571428571429
yfcc-batch5/4065.mp4, -1, -1, 76.3421052631579
yfcc-batch5/4076.mp4, -1, -1, 76.54054054054059
yfcc-batch5/4096.mp4, -1, -1, 87.2352941176471
yfcc-batch5/3393.mp4, -1, -1, 68.0
yfcc-batch5/3281.mp4, -1, -1, 79.97058823529409
yfcc-batch5/3326.mp4, -1, -1, 77.2222222222222
yfcc-batch5/3345.mp4, -1, -1, 68.2258064516129
yfcc-batch5/3367.mp4, -1, -1, 55.43243243243239
yfcc-batch5/3433.mp4, -1, -1, 71.91428571428571
yfcc-batch5/3470.mp4, -1, -1, 70.5
yfcc-batch5/3577.mp4, -1, -1, 56.75
yfcc-batch5/3582.mp4, -1, -1, 67.2424242424242
yfcc-batch5/3596.mp4, -1, -1, 70.8888888888889
yfcc-batch5/3605.mp4, -1, -1, 74.62162162162159
yfcc-batch5/3628.mp4, -1, -1, 65.8055555555556
yfcc-batch5/3629.mp4, -1, -1, 63.2162162162162
yfcc-batch6/4467.mp4, -1, -1, 63.421052631579
yfcc-batch6/4471.mp4, -1, -1, 74.2631578947369
yfcc-batch6/4486.mp4, -1, -1, 72.375
yfcc-batch6/4493.mp4, -1, -1, 79.8823529411765
yfcc-batch6/4542.mp4, -1, -1, 79.55555555555559
yfcc-batch6/4545.mp4, -1, -1, 68.9736842105263
yfcc-batch6/4546.mp4, -1, -1, 67.9473684210526
yfcc-batch6/4563.mp4, -1, -1, 35.868421052631604
yfcc-batch6/4574.mp4, -1, -1, 65.7058823529412
yfcc-batch6/4591.mp4, -1, -1, 66.3888888888889
yfcc-batch6/4594.mp4, -1, -1, 50.27777777777778
yfcc-batch6/4604.mp4, -1, -1, 73.05555555555559
yfcc-batch6/4613.mp4, -1, -1, 50.56756756756761
yfcc-batch6/4654.mp4, -1, -1, 72.7714285714286
yfcc-batch6/4661.mp4, -1, -1, 58.5833333333333
yfcc-batch6/4699.mp4, -1, -1, 74.02857142857141
yfcc-batch6/4728.mp4, -1, -1, 61.3055555555556
yfcc-batch6/4746.mp4, -1, -1, 75.2058823529412
yfcc-batch6/4749.mp4, -1, -1, 54.6285714285714
yfcc-batch6/4789.mp4, -1, -1, 54.77777777777778
yfcc-batch6/4801.mp4, -1, -1, 74.28571428571429
yfcc-batch6/4812.mp4, -1, -1, 71.7647058823529
yfcc-batch6/4813.mp4, -1, -1, 72.82352941176471
yfcc-batch6/4877.mp4, -1, -1, 71.3513513513513
yfcc-batch6/4888.mp4, -1, -1, 62.8888888888889
yfcc-batch6/4898.mp4, -1, -1, 74.82857142857141
yfcc-batch6/4107.mp4, -1, -1, 57.9473684210526
yfcc-batch6/4126.mp4, -1, -1, 82.3333333333333
yfcc-batch6/4186.mp4, -1, -1, 71.1538461538462
yfcc-batch6/4187.mp4, -1, -1, 67.7222222222222
yfcc-batch6/4199.mp4, -1, -1, 73.1111111111111
yfcc-batch6/4229.mp4, -1, -1, 82.4
yfcc-batch6/4271.mp4, -1, -1, 72.2162162162162
yfcc-batch6/4277.mp4, -1, -1, 68.5882352941177
yfcc-batch6/4359.mp4, -1, -1, 64.39473684210529
yfcc-batch6/4438.mp4, -1, -1, 59.736842105263214
yfcc-batch6/4442.mp4, -1, -1, 79.6285714285714
yfcc-batch7/5338.mp4, -1, -1, 62.81578947368421
yfcc-batch7/5341.mp4, -1, -1, 77.0
yfcc-batch7/5396.mp4, -1, -1, 72.2
yfcc-batch7/5430.mp4, -1, -1, 67.9444444444444
yfcc-batch7/5439.mp4, -1, -1, 73.6111111111111
yfcc-batch7/5447.mp4, -1, -1, 68.6410256410256
yfcc-batch7/5656.mp4, -1, -1, 67.35294117647061
yfcc-batch7/5687.mp4, -1, -1, 67.975
yfcc-batch7/5712.mp4, -1, -1, 69.6111111111111
yfcc-batch7/5736.mp4, -1, -1, 64.7428571428572
yfcc-batch7/4923.mp4, -1, -1, 71.9166666666667
yfcc-batch7/4928.mp4, -1, -1, 77.82352941176471
yfcc-batch7/5000.mp4, -1, -1, 58.25
yfcc-batch7/5009.mp4, -1, -1, 68.8378378378378
yfcc-batch7/5146.mp4, -1, -1, 46.684210526315795
yfcc-batch7/5163.mp4, -1, -1, 64.25
yfcc-batch7/5216.mp4, -1, -1, 77.4324324324324
yfcc-batch7/5263.mp4, -1, -1, 79.29729729729729
yfcc-batch7/5268.mp4, -1, -1, 71.0277777777778
yfcc-batch8/6151.mp4, -1, -1, 59.3714285714286
yfcc-batch8/6167.mp4, -1, -1, 71.6388888888889
yfcc-batch8/6193.mp4, -1, -1, 77.3421052631579
yfcc-batch8/6199.mp4, -1, -1, 85.3243243243243
yfcc-batch8/6240.mp4, -1, -1, 63.3478260869565
yfcc-batch8/6266.mp4, -1, -1, 80.0638297872341
yfcc-batch8/6273.mp4, -1, -1, 77.05128205128209
yfcc-batch8/6303.mp4, -1, -1, 68.3157894736842
yfcc-batch8/6317.mp4, -1, -1, 63.31428571428571
yfcc-batch8/6392.mp4, -1, -1, 70.0789473684211
yfcc-batch8/6422.mp4, -1, -1, 58.1515151515151
yfcc-batch8/6521.mp4, -1, -1, 62.976744186046496
yfcc-batch8/5742.mp4, -1, -1, 72.5
yfcc-batch8/5754.mp4, -1, -1, 59.125
yfcc-batch8/5765.mp4, -1, -1, 80.2432432432432
yfcc-batch8/5768.mp4, -1, -1, 66.8833333333333
yfcc-batch8/5811.mp4, -1, -1, 56.23076923076921
yfcc-batch8/5813.mp4, -1, -1, 75.29729729729729
yfcc-batch8/5872.mp4, -1, -1, 65.7714285714286
yfcc-batch8/5942.mp4, -1, -1, 66.625
yfcc-batch8/5950.mp4, -1, -1, 71.25
yfcc-batch8/5985.mp4, -1, -1, 67.0
yfcc-batch8/5997.mp4, -1, -1, 85.4117647058823
yfcc-batch8/6006.mp4, -1, -1, 69.4571428571429
yfcc-batch8/6032.mp4, -1, -1, 65.7222222222222
yfcc-batch8/6044.mp4, -1, -1, 66.9722222222222
yfcc-batch9/6931.mp4, -1, -1, 70.1666666666667
yfcc-batch9/6945.mp4, -1, -1, 65.42424242424241
yfcc-batch9/6985.mp4, -1, -1, 64.2105263157895
yfcc-batch9/7008.mp4, -1, -1, 71.26315789473679
yfcc-batch9/7022.mp4, -1, -1, 79.37837837837841
yfcc-batch9/7053.mp4, -1, -1, 57.459459459459495
yfcc-batch9/7059.mp4, -1, -1, 77.6
yfcc-batch9/7080.mp4, -1, -1, 74.71875
yfcc-batch9/7129.mp4, -1, -1, 63.0540540540541
yfcc-batch9/7135.mp4, -1, -1, 58.0
yfcc-batch9/7146.mp4, -1, -1, 70.7777777777778
yfcc-batch9/7274.mp4, -1, -1, 61.6944444444444
yfcc-batch9/7284.mp4, -1, -1, 66.5833333333333
yfcc-batch9/7294.mp4, -1, -1, 66.75
yfcc-batch9/6562.mp4, -1, -1, 67.75
yfcc-batch9/6576.mp4, -1, -1, 73.0588235294118
yfcc-batch9/6589.mp4, -1, -1, 78.5588235294118
yfcc-batch9/6634.mp4, -1, -1, 60.8684210526316
yfcc-batch9/6685.mp4, -1, -1, 64.2432432432432
yfcc-batch9/6700.mp4, -1, -1, 67.58064516129029
yfcc-batch9/6733.mp4, -1, -1, 62.7567567567568
yfcc-batch9/6737.mp4, -1, -1, 75.73684210526321
yfcc-batch9/6744.mp4, -1, -1, 64.9411764705882
yfcc-batch9/6780.mp4, -1, -1, 69.1578947368421
yfcc-batch9/6804.mp4, -1, -1, 68.81081081081078
yfcc-batch9/6838.mp4, -1, -1, 79.4857142857143
yfcc-batch9/6843.mp4, -1, -1, 78.5142857142857
yfcc-batch10/7774.mp4, -1, -1, 62.82857142857139
yfcc-batch10/7799.mp4, -1, -1, 65.1578947368421
yfcc-batch10/7832.mp4, -1, -1, 65.5
yfcc-batch10/7862.mp4, -1, -1, 59.24324324324329
yfcc-batch10/7910.mp4, -1, -1, 42.2647058823529
yfcc-batch10/7953.mp4, -1, -1, 75.8571428571429
yfcc-batch10/7971.mp4, -1, -1, 60.405405405405396
yfcc-batch10/7976.mp4, -1, -1, 69.5526315789474
yfcc-batch10/7987.mp4, -1, -1, 66.0
yfcc-batch10/8018.mp4, -1, -1, 78.2647058823529
yfcc-batch10/8020.mp4, -1, -1, 60.1041666666667
yfcc-batch10/8021.mp4, -1, -1, 56.027027027026996
yfcc-batch10/8043.mp4, -1, -1, 72.5
yfcc-batch10/8067.mp4, -1, -1, 77.3529411764706
yfcc-batch10/8087.mp4, -1, -1, 59.842105263157904
yfcc-batch10/8107.mp4, -1, -1, 63.3055555555556
yfcc-batch10/8125.mp4, -1, -1, 47.189189189189214
yfcc-batch10/8136.mp4, -1, -1, 71.71428571428571
yfcc-batch10/8188.mp4, -1, -1, 52.2702702702703
yfcc-batch10/7399.mp4, -1, -1, 53.485714285714295
yfcc-batch10/7419.mp4, -1, -1, 52.222222222222214
yfcc-batch10/7467.mp4, -1, -1, 56.3513513513514
yfcc-batch10/7486.mp4, -1, -1, 70.8717948717949
yfcc-batch10/7490.mp4, -1, -1, 45.2162162162162
yfcc-batch10/7494.mp4, -1, -1, 72.5263157894737
yfcc-batch10/7493.mp4, -1, -1, 75.8611111111111
yfcc-batch10/7540.mp4, -1, -1, 78.1111111111111
yfcc-batch10/7551.mp4, -1, -1, 71.3157894736842
yfcc-batch10/7627.mp4, -1, -1, 58.7272727272727
yfcc-batch10/7650.mp4, -1, -1, 63.736842105263214
yfcc-batch10/7691.mp4, -1, -1, 73.1351351351351
yfcc-batch11/8592.mp4, -1, -1, 67.2820512820513
yfcc-batch11/8595.mp4, -1, -1, 54.88571428571429
yfcc-batch11/8614.mp4, -1, -1, 57.7241379310345
yfcc-batch11/8643.mp4, -1, -1, 58.02
yfcc-batch11/8645.mp4, -1, -1, 70.3157894736842
yfcc-batch11/8696.mp4, -1, -1, 77.80555555555559
yfcc-batch11/8732.mp4, -1, -1, 74.7428571428572
yfcc-batch11/8771.mp4, -1, -1, 72.1111111111111
yfcc-batch11/8816.mp4, -1, -1, 74.3243243243243
yfcc-batch11/8833.mp4, -1, -1, 72.2285714285714
yfcc-batch11/8862.mp4, -1, -1, 76.94444444444441
yfcc-batch11/8887.mp4, -1, -1, 74.29729729729729
yfcc-batch11/8903.mp4, -1, -1, 41.0
yfcc-batch11/8943.mp4, -1, -1, 78.29729729729729
yfcc-batch11/8978.mp4, -1, -1, 53.3055555555556
yfcc-batch11/8243.mp4, -1, -1, 79.0
yfcc-batch11/8258.mp4, -1, -1, 53.52777777777778
yfcc-batch11/8274.mp4, -1, -1, 71.5454545454545
yfcc-batch11/8355.mp4, -1, -1, 71.3529411764706
yfcc-batch11/8389.mp4, -1, -1, 73.9428571428571
yfcc-batch11/8412.mp4, -1, -1, 57.6410256410256
yfcc-batch11/8427.mp4, -1, -1, 61.5555555555556
yfcc-batch11/8443.mp4, -1, -1, 74.9428571428571
yfcc-batch11/8489.mp4, -1, -1, 31.1621621621622
yfcc-batch12/9515.mp4, -1, -1, 71.945945945946
yfcc-batch12/9517.mp4, -1, -1, 71.75
yfcc-batch12/9568.mp4, -1, -1, 72.8918918918919
yfcc-batch12/9596.mp4, -1, -1, 49.8484848484849
yfcc-batch12/9606.mp4, -1, -1, 70.6666666666667
yfcc-batch12/9710.mp4, -1, -1, 75.4324324324324
yfcc-batch12/9714.mp4, -1, -1, 63.657894736842096
yfcc-batch12/9723.mp4, -1, -1, 73.73684210526321
yfcc-batch12/9761.mp4, -1, -1, 78.65625
yfcc-batch12/9776.mp4, -1, -1, 69.4166666666667
yfcc-batch12/9785.mp4, -1, -1, 75.91428571428571
yfcc-batch12/9808.mp4, -1, -1, 70.1714285714286
yfcc-batch12/9816.mp4, -1, -1, 68.82352941176471
yfcc-batch12/9034.mp4, -1, -1, 73.5675675675676
yfcc-batch12/9043.mp4, -1, -1, 67.3421052631579
yfcc-batch12/9053.mp4, -1, -1, 49.31578947368421
yfcc-batch12/9059.mp4, -1, -1, 63.1666666666667
yfcc-batch12/9068.mp4, -1, -1, 70.0
yfcc-batch12/9137.mp4, -1, -1, 78.82857142857141
yfcc-batch12/9188.mp4, -1, -1, 46.75
yfcc-batch12/9202.mp4, -1, -1, 55.0
yfcc-batch12/9238.mp4, -1, -1, 76.5833333333333
yfcc-batch12/9251.mp4, -1, -1, 58.0
yfcc-batch12/9289.mp4, -1, -1, 69.2222222222222
yfcc-batch12/9294.mp4, -1, -1, 55.25
yfcc-batch12/9308.mp4, -1, -1, 82.55555555555559
yfcc-batch12/9346.mp4, -1, -1, 70.8378378378378
yfcc-batch12/9378.mp4, -1, -1, 80.05
yfcc-batch13/10375.mp4, -1, -1, 73.7297297297297
yfcc-batch13/10424.mp4, -1, -1, 69.5
yfcc-batch13/10427.mp4, -1, -1, 73.4054054054054
yfcc-batch13/10446.mp4, -1, -1, 59.736842105263214
yfcc-batch13/10445.mp4, -1, -1, 77.4324324324324
yfcc-batch13/10488.mp4, -1, -1, 61.9428571428571
yfcc-batch13/10497.mp4, -1, -1, 77.2571428571428
yfcc-batch13/10534.mp4, -1, -1, 46.972972972973004
yfcc-batch13/10545.mp4, -1, -1, 65.5945945945946
yfcc-batch13/10570.mp4, -1, -1, 65.8378378378378
yfcc-batch13/10579.mp4, -1, -1, 68.725
yfcc-batch13/10590.mp4, -1, -1, 52.9393939393939
yfcc-batch13/10611.mp4, -1, -1, 62.59459459459461
yfcc-batch13/10659.mp4, -1, -1, 71.97142857142859
yfcc-batch13/9842.mp4, -1, -1, 70.08108108108111
yfcc-batch13/9843.mp4, -1, -1, 77.0
yfcc-batch13/9851.mp4, -1, -1, 76.4864864864865
yfcc-batch13/9887.mp4, -1, -1, 65.7297297297297
yfcc-batch13/9978.mp4, -1, -1, 67.6410256410256
yfcc-batch13/10031.mp4, -1, -1, 61.3846153846154
yfcc-batch13/10019.mp4, -1, -1, 64.35294117647061
yfcc-batch13/10090.mp4, -1, -1, 61.34285714285711
yfcc-batch13/10120.mp4, -1, -1, 79.05405405405409
yfcc-batch13/10127.mp4, -1, -1, 80.60526315789471
yfcc-batch13/10130.mp4, -1, -1, 79.0
yfcc-batch13/10176.mp4, -1, -1, 67.71428571428571
yfcc-batch13/10198.mp4, -1, -1, 53.3888888888889
yfcc-batch13/10215.mp4, -1, -1, 71.0277777777778
yfcc-batch13/10226.mp4, -1, -1, 73.76923076923079
yfcc-batch13/10275.mp4, -1, -1, 76.6388888888889
yfcc-batch13/10295.mp4, -1, -1, 71.8125
yfcc-batch13/10298.mp4, -1, -1, 67.3513513513513
yfcc-batch13/10297.mp4, -1, -1, 71.2888888888889
yfcc-batch13/10319.mp4, -1, -1, 68.94285714285711
yfcc-batch14/11019.mp4, -1, -1, 70.0909090909091
yfcc-batch14/11102.mp4, -1, -1, 72.2727272727273
yfcc-batch14/11194.mp4, -1, -1, 79.4
yfcc-batch14/11233.mp4, -1, -1, 55.0
yfcc-batch14/11264.mp4, -1, -1, 58.0571428571429
yfcc-batch14/11266.mp4, -1, -1, 60.82857142857139
yfcc-batch14/11309.mp4, -1, -1, 60.410256410256395
yfcc-batch14/11341.mp4, -1, -1, 76.97058823529409
yfcc-batch14/11347.mp4, -1, -1, 80.8181818181818
yfcc-batch14/11364.mp4, -1, -1, 73.2285714285714
yfcc-batch14/11381.mp4, -1, -1, 89.0277777777778
yfcc-batch14/11384.mp4, -1, -1, 66.6060606060606
yfcc-batch14/11392.mp4, -1, -1, 58.375
yfcc-batch14/11404.mp4, -1, -1, 63.68571428571429
yfcc-batch14/11424.mp4, -1, -1, 70.25531914893621
yfcc-batch14/11427.mp4, -1, -1, 75.91428571428571
yfcc-batch14/10664.mp4, -1, -1, 63.914285714285704
yfcc-batch14/10669.mp4, -1, -1, 62.236842105263214
yfcc-batch14/10790.mp4, -1, -1, 77.7837837837838
yfcc-batch14/10846.mp4, -1, -1, 61.085714285714296
yfcc-batch14/10896.mp4, -1, -1, 68.3636363636364
yfcc-batch14/10907.mp4, -1, -1, 70.88571428571429
yfcc-batch14/10931.mp4, -1, -1, 64.5
yfcc-batch14/10978.mp4, -1, -1, 71.5483870967742
yfcc-batch15/11841.mp4, -1, -1, 45.675675675675706
yfcc-batch15/11968.mp4, -1, -1, 73.7428571428572
yfcc-batch15/11973.mp4, -1, -1, 50.43243243243239
yfcc-batch15/12055.mp4, -1, -1, 55.1111111111111
yfcc-batch15/12056.mp4, -1, -1, 79.1818181818182
yfcc-batch15/12057.mp4, -1, -1, 78.0277777777778
yfcc-batch15/12062.mp4, -1, -1, 73.5945945945946
yfcc-batch15/12074.mp4, -1, -1, 76.3714285714286
yfcc-batch15/12100.mp4, -1, -1, 42.72222222222221
yfcc-batch15/12110.mp4, -1, -1, 65.85294117647061
yfcc-batch15/12116.mp4, -1, -1, 79.02941176470591
yfcc-batch15/12122.mp4, -1, -1, 74.45714285714291
yfcc-batch15/12155.mp4, -1, -1, 65.8
yfcc-batch15/12228.mp4, -1, -1, 75.53125
yfcc-batch15/12238.mp4, -1, -1, 70.4411764705882
yfcc-batch15/11515.mp4, -1, -1, 74.1111111111111
yfcc-batch15/11610.mp4, -1, -1, 64.2702702702703
yfcc-batch15/11629.mp4, -1, -1, 68.027027027027
yfcc-batch15/11636.mp4, -1, -1, 70.45714285714291
yfcc-batch15/11638.mp4, -1, -1, 33.2777777777778
yfcc-batch15/11654.mp4, -1, -1, 74.7714285714286
yfcc-batch15/11657.mp4, -1, -1, 71.3888888888889
yfcc-batch15/11678.mp4, -1, -1, 81.3611111111111
yfcc-batch15/11680.mp4, -1, -1, 60.425
yfcc-batch15/11775.mp4, -1, -1, 69.8285714285714
yfcc-batch15/11785.mp4, -1, -1, 70.6857142857143
yfcc-batch16/12675.mp4, -1, -1, 67.6486486486487
yfcc-batch16/12719.mp4, -1, -1, 67.67647058823529
yfcc-batch16/12727.mp4, -1, -1, 64.5294117647059
yfcc-batch16/12768.mp4, -1, -1, 68.9705882352941
yfcc-batch16/12771.mp4, -1, -1, 67.85294117647061
yfcc-batch16/12777.mp4, -1, -1, 49.189189189189214
yfcc-batch16/12780.mp4, -1, -1, 63.085714285714296
yfcc-batch16/12864.mp4, -1, -1, 51.7837837837838
yfcc-batch16/12896.mp4, -1, -1, 73.94444444444441
yfcc-batch16/12916.mp4, -1, -1, 76.6
yfcc-batch16/12938.mp4, -1, -1, 45.236842105263214
yfcc-batch16/12967.mp4, -1, -1, 73.9
yfcc-batch16/12981.mp4, -1, -1, 73.5
yfcc-batch16/13017.mp4, -1, -1, 66.92307692307689
yfcc-batch16/13020.mp4, -1, -1, 70.69444444444441
yfcc-batch16/13033.mp4, -1, -1, 77.6363636363636
yfcc-batch16/13069.mp4, -1, -1, 64.3888888888889
yfcc-batch16/12371.mp4, -1, -1, 72.3125
yfcc-batch16/12404.mp4, -1, -1, 67.9090909090909
yfcc-batch16/12414.mp4, -1, -1, 66.3142857142857
yfcc-batch16/12432.mp4, -1, -1, 61.675675675675706
yfcc-batch16/12438.mp4, -1, -1, 68.3513513513513
yfcc-batch16/12448.mp4, -1, -1, 63.4444444444444
yfcc-batch16/12456.mp4, -1, -1, 58.88571428571429
yfcc-batch16/12479.mp4, -1, -1, 64.1944444444444
yfcc-batch16/12488.mp4, -1, -1, 73.8611111111111
yfcc-batch16/12530.mp4, -1, -1, 50.82857142857139
yfcc-batch16/12531.mp4, -1, -1, 67.9166666666667
yfcc-batch16/12537.mp4, -1, -1, 59.8918918918919
yfcc-batch16/12576.mp4, -1, -1, 75.8571428571429
yfcc-batch16/12588.mp4, -1, -1, 67.0
yfcc-batch16/12640.mp4, -1, -1, 59.428571428571395
yfcc-batch16/12645.mp4, -1, -1, 63.8529411764706
yfcc-batch16/12655.mp4, -1, -1, 58.3333333333333
yfcc-batch17/13509.mp4, -1, -1, 68.3513513513513
yfcc-batch17/13553.mp4, -1, -1, 78.21875
yfcc-batch17/13610.mp4, -1, -1, 66.28571428571429
yfcc-batch17/13616.mp4, -1, -1, 72.5151515151515
yfcc-batch17/13644.mp4, -1, -1, 66.5
yfcc-batch17/13654.mp4, -1, -1, 72.3529411764706
yfcc-batch17/13696.mp4, -1, -1, 75.5135135135135
yfcc-batch17/13721.mp4, -1, -1, 59.0526315789474
yfcc-batch17/13769.mp4, -1, -1, 70.8153846153846
yfcc-batch17/13798.mp4, -1, -1, 75.5277777777778
yfcc-batch17/13832.mp4, -1, -1, 86.44444444444441
yfcc-batch17/13834.mp4, -1, -1, 70.5609756097561
yfcc-batch17/13867.mp4, -1, -1, 67.8285714285714
yfcc-batch17/13868.mp4, -1, -1, 64.0555555555556
yfcc-batch17/13929.mp4, -1, -1, 61.1111111111111
yfcc-batch17/13938.mp4, -1, -1, 57.3783783783784
yfcc-batch17/13129.mp4, -1, -1, 60.8823529411765
yfcc-batch17/13160.mp4, -1, -1, 38.742857142857105
yfcc-batch17/13161.mp4, -1, -1, 61.55882352941179
yfcc-batch17/13192.mp4, -1, -1, 73.2777777777778
yfcc-batch17/13245.mp4, -1, -1, 69.1081081081081
yfcc-batch17/13261.mp4, -1, -1, 67.6944444444444
yfcc-batch17/13331.mp4, -1, -1, 71.9189189189189
yfcc-batch17/13357.mp4, -1, -1, 64.5384615384615
yfcc-batch17/13375.mp4, -1, -1, 70.8787878787879
yfcc-batch17/13406.mp4, -1, -1, 47.485714285714295
yfcc-batch17/13436.mp4, -1, -1, 65.64705882352939
yfcc-batch17/13476.mp4, -1, -1, 65.15625
yfcc-batch18/14316.mp4, -1, -1, 77.8181818181818
yfcc-batch18/14338.mp4, -1, -1, 58.0
yfcc-batch18/14346.mp4, -1, -1, 56.5555555555556
yfcc-batch18/14428.mp4, -1, -1, 71.2820512820513
yfcc-batch18/14446.mp4, -1, -1, 71.55555555555559
yfcc-batch18/14453.mp4, -1, -1, 61.6666666666667
yfcc-batch18/14498.mp4, -1, -1, 53.2285714285714
yfcc-batch18/14515.mp4, -1, -1, 71.3428571428571
yfcc-batch18/14535.mp4, -1, -1, 60.211538461538495
yfcc-batch18/14547.mp4, -1, -1, 61.9090909090909
yfcc-batch18/14568.mp4, -1, -1, 73.9722222222222
yfcc-batch18/14599.mp4, -1, -1, 73.8421052631579
yfcc-batch18/14746.mp4, -1, -1, 65.67647058823529
yfcc-batch18/14753.mp4, -1, -1, 70.9795918367347
yfcc-batch18/13946.mp4, -1, -1, 65.3783783783784
yfcc-batch18/13969.mp4, -1, -1, 87.1818181818182
yfcc-batch18/13975.mp4, -1, -1, 66.07692307692311
yfcc-batch18/14028.mp4, -1, -1, 72.1176470588236
yfcc-batch18/14052.mp4, -1, -1, 75.3518518518519
yfcc-batch18/14075.mp4, -1, -1, 71.8648648648649
yfcc-batch18/14099.mp4, -1, -1, 57.7714285714286
yfcc-batch18/14126.mp4, -1, -1, 50.8529411764706
yfcc-batch18/14145.mp4, -1, -1, 58.5555555555556
yfcc-batch18/14152.mp4, -1, -1, 48.0810810810811
yfcc-batch18/14163.mp4, -1, -1, 65.4
yfcc-batch18/14230.mp4, -1, -1, 52.77777777777778
yfcc-batch18/14243.mp4, -1, -1, 67.14285714285711
yfcc-batch18/14255.mp4, -1, -1, 64.8064516129032
yfcc-batch18/14290.mp4, -1, -1, 33.4857142857143
yfcc-batch19/15121.mp4, -1, -1, 70.3428571428571
yfcc-batch19/15128.mp4, -1, -1, 62.5660377358491
yfcc-batch19/15143.mp4, -1, -1, 64.75
yfcc-batch19/15145.mp4, -1, -1, 74.725
yfcc-batch19/15178.mp4, -1, -1, 72.1428571428571
yfcc-batch19/15194.mp4, -1, -1, 77.05555555555559
yfcc-batch19/15306.mp4, -1, -1, 71.97058823529409
yfcc-batch19/15318.mp4, -1, -1, 71.0
yfcc-batch19/15324.mp4, -1, -1, 76.8333333333333
yfcc-batch19/15327.mp4, -1, -1, 56.363636363636395
yfcc-batch19/15335.mp4, -1, -1, 68.0588235294118
yfcc-batch19/15351.mp4, -1, -1, 62.59459459459461
yfcc-batch19/15407.mp4, -1, -1, 80.73684210526321
yfcc-batch19/15437.mp4, -1, -1, 78.6153846153846
yfcc-batch19/14834.mp4, -1, -1, 68.11428571428571
yfcc-batch19/14870.mp4, -1, -1, 71.9411764705882
yfcc-batch19/14873.mp4, -1, -1, 45.6388888888889
yfcc-batch19/14880.mp4, -1, -1, 48.0810810810811
yfcc-batch19/14903.mp4, -1, -1, 63.8333333333333
yfcc-batch19/15009.mp4, -1, -1, 71.7
yfcc-batch19/15049.mp4, -1, -1, 58.05882352941179
yfcc-batch19/15059.mp4, -1, -1, 76.78
yfcc-batch19/15099.mp4, -1, -1, 70.67647058823529
yfcc-batch20/15956.mp4, -1, -1, 70.125
yfcc-batch20/15963.mp4, -1, -1, 75.5675675675676
yfcc-batch20/15966.mp4, -1, -1, 50.75
yfcc-batch20/16003.mp4, -1, -1, 47.59459459459461
yfcc-batch20/16188.mp4, -1, -1, 74.69444444444441
yfcc-batch20/16209.mp4, -1, -1, 36.2162162162162
yfcc-batch20/16242.mp4, -1, -1, 68.8157894736842
yfcc-batch20/16282.mp4, -1, -1, 75.1388888888889
yfcc-batch20/16302.mp4, -1, -1, 79.2105263157895
yfcc-batch20/16321.mp4, -1, -1, 55.0555555555556
yfcc-batch20/16325.mp4, -1, -1, 62.6486486486487
yfcc-batch20/16327.mp4, -1, -1, 77.6578947368421
yfcc-batch20/16368.mp4, -1, -1, 56.459459459459495
yfcc-batch20/16386.mp4, -1, -1, 78.82857142857141
yfcc-batch20/16390.mp4, -1, -1, 53.7105263157895
yfcc-batch20/16395.mp4, -1, -1, 65.3513513513513
yfcc-batch20/16394.mp4, -1, -1, 53.969696969697
yfcc-batch20/15623.mp4, -1, -1, 52.5789473684211
yfcc-batch20/15642.mp4, -1, -1, 72.8611111111111
yfcc-batch20/15732.mp4, -1, -1, 66.9444444444444
yfcc-batch20/15750.mp4, -1, -1, 47.5454545454546
yfcc-batch20/15788.mp4, -1, -1, 63.222222222222214
yfcc-batch20/15814.mp4, -1, -1, 61.7567567567568
yfcc-batch20/15891.mp4, -1, -1, 72.19444444444441
yfcc-batch20/15899.mp4, -1, -1, 71.5882352941177
yfcc-batch20/15911.mp4, -1, -1, 51.20512820512821
yfcc-batch20/15913.mp4, -1, -1, 54.135135135135094
yfcc-batch20/15917.mp4, -1, -1, 81.4411764705882
yfcc-batch20/15923.mp4, -1, -1, 74.4285714285714
yfcc-batch20/15934.mp4, -1, -1, 65.0277777777778
yfcc-batch20/15938.mp4, -1, -1, 70.7222222222222
yfcc-batch21/16826.mp4, -1, -1, 66.5555555555556
yfcc-batch21/16828.mp4, -1, -1, 81.5675675675676
yfcc-batch21/16834.mp4, -1, -1, 72.0810810810811
yfcc-batch21/16846.mp4, -1, -1, 71.4285714285714
yfcc-batch21/16853.mp4, -1, -1, 69.0
yfcc-batch21/16893.mp4, -1, -1, 69.7777777777778
yfcc-batch21/16928.mp4, -1, -1, 69.81081081081078
yfcc-batch21/16951.mp4, -1, -1, 66.5428571428572
yfcc-batch21/16963.mp4, -1, -1, 56.3714285714286
yfcc-batch21/17009.mp4, -1, -1, 63.82352941176471
yfcc-batch21/17036.mp4, -1, -1, 61.7826086956522
yfcc-batch21/17054.mp4, -1, -1, 66.6578947368421
yfcc-batch21/17056.mp4, -1, -1, 74.3030303030303
yfcc-batch21/17114.mp4, -1, -1, 68.8611111111111
yfcc-batch21/17130.mp4, -1, -1, 83.7777777777778
yfcc-batch21/17205.mp4, -1, -1, 70.07692307692311
yfcc-batch21/17206.mp4, -1, -1, 62.0
yfcc-batch21/17212.mp4, -1, -1, 43.972972972973004
yfcc-batch21/17217.mp4, -1, -1, 69.7058823529412
yfcc-batch21/16531.mp4, -1, -1, 77.9166666666667
yfcc-batch21/16564.mp4, -1, -1, 66.4285714285714
yfcc-batch21/16622.mp4, -1, -1, 56.17142857142861
yfcc-batch21/16650.mp4, -1, -1, 71.10526315789471
yfcc-batch21/16666.mp4, -1, -1, 73.69230769230771
yfcc-batch21/16671.mp4, -1, -1, 78.44444444444441
yfcc-batch21/16683.mp4, -1, -1, 73.2820512820513
yfcc-batch21/16687.mp4, -1, -1, 70.1081081081081
yfcc-batch22/17629.mp4, -1, -1, 62.9444444444444
yfcc-batch22/17639.mp4, -1, -1, 63.026315789473706
yfcc-batch22/17663.mp4, -1, -1, 35.1142857142857
yfcc-batch22/17679.mp4, -1, -1, 68.4848484848485
yfcc-batch22/17702.mp4, -1, -1, 62.59459459459461
yfcc-batch22/17782.mp4, -1, -1, 61.5121951219512
yfcc-batch22/17794.mp4, -1, -1, 69.0833333333333
yfcc-batch22/17869.mp4, -1, -1, 32.1142857142857
yfcc-batch22/17882.mp4, -1, -1, 67.0
yfcc-batch22/17914.mp4, -1, -1, 74.57575757575759
yfcc-batch22/17954.mp4, -1, -1, 75.3428571428571
yfcc-batch22/17968.mp4, -1, -1, 71.5428571428572
yfcc-batch22/17969.mp4, -1, -1, 75.18918918918921
yfcc-batch22/17973.mp4, -1, -1, 59.475
yfcc-batch22/17977.mp4, -1, -1, 72.5142857142857
yfcc-batch22/18001.mp4, -1, -1, 64.4117647058823
yfcc-batch22/18023.mp4, -1, -1, 67.4363636363636
yfcc-batch22/18031.mp4, -1, -1, 78.4166666666667
yfcc-batch22/18035.mp4, -1, -1, 65.8787878787879
yfcc-batch22/17890.mp4, -1, -1, 55.20588235294121
yfcc-batch22/17232.mp4, -1, -1, 78.0
yfcc-batch22/17279.mp4, -1, -1, 68.2058823529412
yfcc-batch22/17307.mp4, -1, -1, 35.3529411764706
yfcc-batch22/17381.mp4, -1, -1, 54.7317073170732
yfcc-batch22/17383.mp4, -1, -1, 62.8205128205128
yfcc-batch22/17412.mp4, -1, -1, 69.5945945945946
yfcc-batch22/17443.mp4, -1, -1, 63.405405405405396
yfcc-batch22/17474.mp4, -1, -1, 39.4
yfcc-batch22/17482.mp4, -1, -1, 73.1351351351351
yfcc-batch22/17486.mp4, -1, -1, 67.0238095238095
yfcc-batch23/18436.mp4, -1, -1, 69.67647058823529
yfcc-batch23/18464.mp4, -1, -1, 67.14285714285711
yfcc-batch23/18465.mp4, -1, -1, 66.4222222222222
yfcc-batch23/18484.mp4, -1, -1, 71.2272727272727
yfcc-batch23/18495.mp4, -1, -1, 75.8125
yfcc-batch23/18498.mp4, -1, -1, 69.14705882352939
yfcc-batch23/18533.mp4, -1, -1, 55.394736842105296
yfcc-batch23/18535.mp4, -1, -1, 73.027027027027
yfcc-batch23/18561.mp4, -1, -1, 76.88095238095241
yfcc-batch23/18600.mp4, -1, -1, 71.0
yfcc-batch23/18616.mp4, -1, -1, 74.67647058823529
yfcc-batch23/18619.mp4, -1, -1, 68.8444444444445
yfcc-batch23/18649.mp4, -1, -1, 69.9444444444444
yfcc-batch23/18654.mp4, -1, -1, 50.8611111111111
yfcc-batch23/18659.mp4, -1, -1, 67.5945945945946
yfcc-batch23/18688.mp4, -1, -1, 75.32352941176471
yfcc-batch23/18706.mp4, -1, -1, 51.5
yfcc-batch23/18724.mp4, -1, -1, 50.0571428571429
yfcc-batch23/18731.mp4, -1, -1, 66.2647058823529
yfcc-batch23/18778.mp4, -1, -1, 71.2285714285714
yfcc-batch23/18788.mp4, -1, -1, 67.7575757575758
yfcc-batch23/18835.mp4, -1, -1, 61.82352941176471
yfcc-batch23/18099.mp4, -1, -1, 30.34375
yfcc-batch23/18188.mp4, -1, -1, 68.7428571428571
yfcc-batch23/18220.mp4, -1, -1, 62.63636363636361
yfcc-batch23/18225.mp4, -1, -1, 65.5405405405405
yfcc-batch23/18242.mp4, -1, -1, 68.14705882352939
yfcc-batch23/18297.mp4, -1, -1, 61.4571428571429
yfcc-batch23/18323.mp4, -1, -1, 48.0540540540541
yfcc-batch23/18348.mp4, -1, -1, 69.1621621621622
yfcc-batch23/18367.mp4, -1, -1, 66.5
yfcc-batch23/18382.mp4, -1, -1, 68.1714285714286
yfcc-batch23/18389.mp4, -1, -1, 59.75
yfcc-batch23/18403.mp4, -1, -1, 75.0731707317073
yfcc-batch24/19224.mp4, -1, -1, 74.0476190476191
yfcc-batch24/19478.mp4, -1, -1, 67.9302325581395
yfcc-batch24/19508.mp4, -1, -1, 71.4390243902439
yfcc-batch24/19512.mp4, -1, -1, 64.6829268292683
yfcc-batch24/19520.mp4, -1, -1, 72.47058823529409
yfcc-batch24/19541.mp4, -1, -1, 68.7894736842105
yfcc-batch24/19542.mp4, -1, -1, 67.625
yfcc-batch24/19553.mp4, -1, -1, 49.9230769230769
yfcc-batch24/19566.mp4, -1, -1, 65.4871794871795
yfcc-batch24/19570.mp4, -1, -1, 70.9230769230769
yfcc-batch24/19619.mp4, -1, -1, 72.9268292682927
yfcc-batch24/19626.mp4, -1, -1, 72.64102564102559
yfcc-batch24/19638.mp4, -1, -1, 52.05
yfcc-batch24/19643.mp4, -1, -1, 65.1162790697674
yfcc-batch24/18866.mp4, -1, -1, 68.5454545454545
yfcc-batch24/18870.mp4, -1, -1, 79.0476190476191
yfcc-batch24/18879.mp4, -1, -1, 77.94871794871791
yfcc-batch24/18901.mp4, -1, -1, 85.3421052631579
yfcc-batch24/18908.mp4, -1, -1, 68.90243902439029
yfcc-batch24/19041.mp4, -1, -1, 65.3333333333333
yfcc-batch24/19063.mp4, -1, -1, 74.0243902439025
yfcc-batch24/19178.mp4, -1, -1, 72.3243243243243
yfcc-batch24/19192.mp4, -1, -1, 74.9756097560975
yfcc-batch24/19208.mp4, -1, -1, 59.5
yfcc-batch24/19214.mp4, -1, -1, 78.2105263157895
yfcc-batch25/19717.mp4, -1, -1, 71.1428571428571
yfcc-batch25/19747.mp4, -1, -1, 65.70270270270271
yfcc-batch25/19749.mp4, -1, -1, 76.0238095238095
yfcc-batch25/19809.mp4, -1, -1, 73.4615384615385
yfcc-batch25/19813.mp4, -1, -1, 82.0277777777778
yfcc-batch25/19832.mp4, -1, -1, 66.6153846153846
yfcc-batch25/19837.mp4, -1, -1, 82.23076923076921
backup/24944.mp4, -1, -1, 59.5666666666667
backup/24970.mp4, -1, -1, 70.20779220779221
backup/24986.mp4, -1, -1, 76.4848484848485
backup/24937.mp4, -1, -1, 85.4583333333333
backup/24922.mp4, -1, -1, 76.12962962962959
backup/24931.mp4, -1, -1, 75.7850467289719
backup/24923.mp4, -1, -1, 48.15
backup/24973.mp4, -1, -1, 64.688679245283
backup/24948.mp4, -1, -1, 59.9571428571429
backup2/b13.mp4, -1, -1, 69.3
backup2/b23.mp4, -1, -1, 70.3157894736842
backup2/b60.mp4, -1, -1, 67.5217391304348
ia-batch1/youtube-PgZygoWHWgY.mp4, -1, -1, 73.4848484848485
ia-batch1/youtube-AwvRNqfw4J8.mp4, -1, -1, 76.7837837837838
ia-batch1/ytchannel-circle.mp4, -1, -1, 48.3548387096774
ia-batch1/youtube-y4pYmFvwcc8.mp4, -1, -1, 54.3939393939394
ia-batch1/youtube-OA5gGvuqNso.mp4, -1, -1, 69.4
ia-batch1/youtube-a3uERixOOc.mp4, -1, -1, 75.71875
ia-batch1/youtube-653vc7YHFE8.mp4, -1, -1, 75.6969696969697
ia-batch1/youtube-gG1ULps4am8.mp4, -1, -1, 63.1
ia-batch2/youtube-Ih2Pj1ZZm3E.mp4, -1, -1, 76.0392156862745
ia-batch2/youtube-EUR5ChXKb6o.mp4, -1, -1, 62.2037037037037
ia-batch2/Pantacle.vidFilmzPeteScotteaLiquidCultureThEEAEthYrSsPt120052013WarningNudeOrNakedPeople_201404.mp4, -1, -1, 58.211538461538495
ia-batch2/youtube-xp_EkA3uyVU.mp4, -1, -1, 81.1153846153846
ia-batch2/youtube-g14LUtDs-CU.mp4, -1, -1, 44.549019607843114
ia-batch2/youtube-PI1okkNKh1E.mp4, -1, -1, 75.6222222222222
ia-batch2/Flickr-33430911216.mp4, -1, -1, 46.4074074074074
ia-batch2/youtube-KsyrANPkXBM.mp4, -1, -1, 68.78431372549021
ia-batch2/YUANSHAOTheAlliedLeaderTotalWarThreeKingdomsWarlordLegends.mp4, -1, -1, 82.59183673469391
ia-batch2/youtube-YxTfzOQLwsQ.mp4, -1, -1, 64.4166666666667
ia-batch2/youtube-D96hPIroy8M.mp4, -1, -1, 52.0909090909091
ia-batch2/youtube-68cITZhbcK4.mp4, -1, -1, 67.1320754716981
ia-batch3/PvPNowVS6YearsAgo.mp4, -1, -1, 62.4864864864865
ia-batch3/youtube-Lz4O4VahdVQ.mp4, -1, -1, 67.0
ia-batch3/youtube-gmrnSp0SUoE.mp4, -1, -1, 69.258064516129
ia-batch3/youtube-SYQrm0TDnVc.mp4, -1, -1, 65.375
ia-batch3/youtube-KVmOGvQhWYE.mp4, -1, -1, 81.3793103448276
ia-batch3/bliptv-20131015-033525-Birchbox-HowToCurlYourHairWithAStraightener353.mp4, -1, -1, 75.4848484848485
ia-batch3/youtube-2OE9IlxKpXk.mp4, -1, -1, 41.3529411764706
ia-batch4/youtube-bszWtA8-6iQ.mp4, -1, -1, 35.6388888888889
ia-batch4/youtube-t6p5E8E0lQQ.mp4, -1, -1, 65.7297297297297
ia-batch4/Flickr-18985592451.mp4, -1, -1, 67.0606060606061
ia-batch4/Flickr-26930678134.mp4, -1, -1, 72.67647058823529
ia-batch4/youtube-EDxwaCJj2lY.mp4, -1, -1, 67.8888888888889
ia-batch4/bliptv-20131015-052702-Appshrink-StreamifiedForIOSAppReview675.mp4, -1, -1, 66.4166666666667
ia-batch4/youtube-JIkZkOj_tJA.mp4, -1, -1, 63.3714285714286
ia-batch4/youtube-ZW3aV7U-aik.mp4, -1, -1, 70.5405405405405
ia-batch5/thecosmonaut-s076.mp4, -1, -1, 63.9375
ia-batch5/Flickr-18249305480.mp4, -1, -1, 57.8611111111111
ia-batch5/TotalHalibut-1083_20130126.mp4, -1, -1, 65.11428571428571
ia-batch5/youtube-CjHjKlCyE6w.mp4, -1, -1, 62.28571428571429
ia-batch5/youtube-CkTgjC352Rw.mp4, -1, -1, 74.6470588235294
ia-batch5/Flickr-14346226431.mp4, -1, -1, 76.0833333333333
ia-batch5/Flickr-31736631764.mp4, -1, -1, 63.5882352941177
ia-batch5/youtube-Eu_8rsb43w4.mp4, -1, -1, 58.5952380952381
ia-batch6/BryonInTheBooth.mp4, -1, -1, 55.8333333333333
ia-batch6/youtube-Cjj3jA1pS5w.mp4, -1, -1, 68.4
ia-batch6/sirensandsailors-straightjacket-musicvideo.mp4, -1, -1, 49.0294117647059
ia-batch6/youtube-vW_TCnygtsM.mp4, -1, -1, 69.5641025641026
ia-batch6/bliptv-20131014-034054-Appshrink-ArrowAnticsForIPhoneGameReview455.mp4, -1, -1, 64.7352941176471
ia-batch6/youtube-KMgHOyB4QKA.mp4, -1, -1, 57.428571428571395
ia-batch6/youtube-MriubZ3fUsA.mp4, -1, -1, 64.4117647058823
ia-batch6/youtube-HSuk_ohwcI0.mp4, -1, -1, 56.5135135135135
ia-batch7/facebook-733189937066024.mp4, -1, -1, 51.675675675675706
ia-batch7/pp_170324_ep_309.mp4, -1, -1, 70.8723404255319
ia-batch7/youtube-mRyGsY23Zy4.mp4, -1, -1, 71.6315789473684
ia-batch7/bliptv-20131031-065054-Blacktreetv-MyaShowsThatSheIsStillSexyAndStillHasGoodMusicOnBET881.mp4, -1, -1, 70.4186046511628
ia-batch7/youtube-iOE8zUc3hVw.mp4, -1, -1, 62.31578947368421
ia-batch7/Flickr-35564965005.mp4, -1, -1, 63.736842105263214
ia-batch7/Flickr-26608075944.mp4, -1, -1, 67.7826086956522
ia-batch7/2b2tFirstPoweredFlightInServerHistory.mp4, -1, -1, 62.657142857142894
ia-batch7/youtube-zegKZBeN55M.mp4, -1, -1, 54.74285714285711
ia-batch7/youtube-gPQbPAjwFyQ.mp4, -1, -1, 70.5142857142857
ia-batch7/youtube-8Oou-ihVS2E.mp4, -1, -1, 77.52941176470591
ia-batch8/Flickr-33591281932.mp4, -1, -1, 62.485714285714295
ia-batch8/Flickr-35963615703.mp4, -1, -1, 72.09375
ia-batch8/youtube-_mZ8ITf74m4.mp4, -1, -1, 65.1578947368421
ia-batch8/youtube-FjfzWRNNYQc.mp4, -1, -1, 50.60526315789479
ia-batch8/youtube-YaJe5R-W2-4.mp4, -1, -1, 75.34375
ia-batch8/youtube-sM9sUTEYDBQ.mp4, -1, -1, 59.3888888888889
ia-batch8/youtube-gmr5N69fio0.mp4, -1, -1, 60.514285714285705
ia-batch8/Easton_Christmas_Parade.mp4, -1, -1, 67.14285714285711
ia-batch8/youtube-ttSuDs9wT5A.mp4, -1, -1, 63.526315789473706
ia-batch9/youtube-GALcXFFGR_4.mp4, -1, -1, 53.1111111111111
ia-batch9/bliptv-20131014-144911-Brittanitaylor-TRASHYSUPERMODELS184.mp4, -1, -1, 59.9714285714286
ia-batch9/youtube-g1OQo1Zbvtw.mp4, -1, -1, 62.8055555555556
ia-batch9/WEARING200SHIRTSINTHEGROCERYSTORE.mp4, -1, -1, 65.6388888888889
ia-batch9/Flickr-29758672685.mp4, -1, -1, 69.0
ia-batch9/youtube-kOhjChH3eJU.mp4, -1, -1, 68.2631578947369
ia-batch9/youtube-ZxtUnYNxYMk.mp4, -1, -1, 21.95
ia-batch9/youtube-GwWZz1WTCIA.mp4, -1, -1, 45.459459459459495
ia-batch9/youtube-3wtBtPzQTRA.mp4, -1, -1, 75.0
ia-batch9/youtube-Gx26NsP-dt0.mp4, -1, -1, 53.8333333333333
ia-batch9/youtube-DzNq4w-vgM0.mp4, -1, -1, 64.425
ia-batch10/Flickr-20119402160.mp4, -1, -1, 69.08571428571429
ia-batch10/youtube-Ic8qcPK2fgw.mp4, -1, -1, 64.0526315789474
ia-batch10/youtube-UGGjc_JS8Gc.mp4, -1, -1, 34.5897435897436
ia-batch10/Flickr-33191435285.mp4, -1, -1, 61.9230769230769
ia-batch10/bliptv-20131014-164551-Captureyourflag-InnovationStrategistHammansStallings2013InterviewChapter7674.mp4, -1, -1, 69.5135135135135
ia-batch10/AnimalJamDr.TierneyThysAndBlueWaterPlankton.mp4, -1, -1, 72.7714285714286
ia-batch10/Flickr-27487523231.mp4, -1, -1, 61.128205128205096
ia-batch10/copswouldntlethimoutofhiscartocheckhistaillightuntilafterhesignedtheticket.after.mp4, -1, -1, 58.0810810810811
ia-batch10/youtube-Tg7GHAAMntc.mp4, -1, -1, 55.5833333333333
ia-batch11/161216_pp_295.mp4, -1, -1, 74.05263157894741
ia-batch11/youtube-tfiCzV49DC8.mp4, -1, -1, 44.3589743589744
ia-batch12/Flickr-11912355503.mp4, -1, -1, 66.5714285714286
ia-batch12/youtube-fPQmletMOFQ.mp4, -1, -1, 69.35294117647061
ia-batch12/youtube-bi6TPvwTp_w.mp4, -1, -1, 59.3611111111111
ia-batch12/youtube-lNI07egoefc.mp4, -1, -1, 74.3684210526316
ia-batch12/youtube-dbSpF2706AQ.mp4, -1, -1, 73.7941176470588
ia-batch13/Paul_Steinke_General_Manager_Reading_Terminal_Market.mp4, -1, -1, 67.1111111111111
ia-batch13/youtube-4IqTgeLg_1I.mp4, -1, -1, 66.41176470588239
ia-batch13/youtube-yRw4E8LHiwU.mp4, -1, -1, 60.763157894736786
ia-batch13/SaraAlinaFlyMusicVideo.mp4, -1, -1, 74.64102564102559
ia-batch13/Flickr-25722039525.mp4, -1, -1, 73.80555555555559
ia-batch13/CookiieDabadesttRaeSremmurdPerplexingPegasusOfficialModelMusicVideo.mp4, -1, -1, 53.0526315789474
ia-batch13/youtube-vHpuZ2XnK24.mp4, -1, -1, 65.1388888888889
ia-batch13/youtube-uhEfAGNrkBU.mp4, -1, -1, 41.74358974358979
ia-batch13/youtube_UCMW7UN9Yo0HXUHx_-w_RA_A.mp4, -1, -1, 66.81081081081078
ia-batch13/Flickr-27739528053.mp4, -1, -1, 53.9189189189189
ia-batch14/youtube-jHiOPq1OifY.mp4, -1, -1, 64.3157894736842
ia-batch14/2b2tshistoryofthedragonegg.mp4, -1, -1, 56.461538461538495
ia-batch14/Amv-Schen-TranceOfLove720p.mp4, -1, -1, 77.3421052631579
ia-batch14/youtube-IXsA0xnRJrs.mp4, -1, -1, 41.5555555555556
ia-batch14/youtube-bSwsGUlowkM.mp4, -1, -1, 76.2058823529412
ia-batch14/youtube-gt1pENP8e8k.mp4, -1, -1, 68.2222222222222
ia-batch14/youtube-NJsq0TU0qeg.mp4, -1, -1, 82.5588235294118
ia-batch14/youtube-_WG2WVEawxA.mp4, -1, -1, 81.19444444444441
ia-batch14/youtube-8J-3FzfTgfQ.mp4, -1, -1, 48.85
ia-batch15/youtube-M_cT37JiyDY.mp4, -1, -1, 72.7567567567568
ia-batch15/youtube-bG5Dzy2ZScc.mp4, -1, -1, 43.0571428571429
ia-batch15/youtube-yMkvCve245I.mp4, -1, -1, 64.4166666666667
ia-batch15/Flickr-19709517558.mp4, -1, -1, 69.3333333333333
ia-batch15/youtube-S-AMbARjHsw.mp4, -1, -1, 76.25
ia-batch15/AssemblyLinesPodcast12.mp4, -1, -1, 77.1935483870968
ia-batch15/youtube-HFWnSp3ILqU.mp4, -1, -1, 63.4848484848485
ia-batch15/youtube-s-ZREH4fAU4.mp4, -1, -1, 71.5263157894737
ia-batch15/8ScaffoldingBuildingIdeasInMinecraft.mp4, -1, -1, 67.46875
ia-batch15/Flickr-30307649406.mp4, -1, -1, 72.7105263157895
ia-batch16/151204Pp244b.mp4, -1, -1, 67.5625
ia-batch16/IGNentertainment-593_20160114.mp4, -1, -1, 71.7222222222222
ia-batch16/GameOfThronesVSLordOfTheRings.mp4, -1, -1, 67.81081081081078
ia-batch16/henders007-151_20131224.mp4, -1, -1, 74.5833333333333
ia-batch16/forgottenworldslevel1c64.mp4, -1, -1, 50.125
ia-batch16/Flickr-9042855629.mp4, -1, -1, 44.8913043478261
ia-batch16/Flickr-7004216486.mp4, -1, -1, 58.6153846153846
ia-batch16/Flickr-5973377053.mp4, -1, -1, 73.0
ia-batch16/Flickr-17599350465.mp4, -1, -1, 66.28571428571429
ia-batch16/Flickr-24798569991.mp4, -1, -1, 78.7428571428572
ia-batch16/2b2tNoobNetherWartMaze.mp4, -1, -1, 67.2424242424242
ia-batch16/Flickr-28081831064.mp4, -1, -1, 72.6341463414634
ia-batch16/INTERLICHTSPIELHAUS1566927740835.mp4, -1, -1, 24.1944444444445
ia-batch17/8-bitroyaltyFreeLoopingBackground.mp4, -1, -1, 53.4473684210526
ia-batch17/Flickr-5013705639.mp4, -1, -1, 62.2553191489362
ia-batch17/Flickr-6924075226.mp4, -1, -1, 53.027027027026996
ia-batch17/Flickr-43211764470.mp4, -1, -1, 62.657142857142894
ia-batch17/Flickr-38197318294.mp4, -1, -1, 66.9545454545455
ia-batch17/Flickr-35140151185.mp4, -1, -1, 56.9565217391304
ia-batch17/Flickr-8837553274.mp4, -1, -1, 47.144329896907216
ia-batch17/HomemadeSignalFlares1080p30fpsH264128kbitAAC.mp4, -1, -1, 81.1842105263158
ia-batch17/IGNentertainment-17_20160207.mp4, -1, -1, 86.3939393939394
ia-batch17/bliptv-20131012-094336-AltarTV-TheAcaciaStrainBeastLiveAtTheShowAltarTV692.mp4, -1, -1, 50.24324324324329
ia-batch17/EEVblog-172_20150112.mp4, -1, -1, 79.5588235294118
ia-batch17/IGNentertainment-204_20160125.mp4, -1, -1, 69.9444444444444
ia-batch17/blmtwpmiv-Pneumonia.mp4, -1, -1, 84.0
ia-batch18/INTERLICHTSPIELHAUS1567105740489.mp4, -1, -1, 52.5555555555556
ia-batch18/Flickr-18298659394.mp4, -1, -1, 67.4411764705882
ia-batch18/Flickr-6853118903.mp4, -1, -1, 55.4
ia-batch18/Flickr-11447212444.mp4, -1, -1, 64.7428571428572
ia-batch18/jorgemariozuletaFlor.mp4, -1, -1, 44.05882352941179
ia-batch18/Flickr-29248518443.mp4, -1, -1, 64.8823529411765
ia-batch18/lctvmav-PSA_Whitecaps_week_14.mp4, -1, -1, 77.2105263157895
ia-batch18/Flickr-39612462234.mp4, -1, -1, 72.7209302325582
ia-batch18/Flickr-24038453552.mp4, -1, -1, 71.17647058823529
ia-batch18/cosflv-Mayor_s_Holiday_Greeting_2018.mp4, -1, -1, 70.7179487179487
ia-batch19/Flickr-42790985704.mp4, -1, -1, 64.0555555555556
ia-batch19/ircoflv-IRC_Utilities_Osprey_Marsh.mp4, -1, -1, 79.71875
ia-batch19/Flickr-45201557532.mp4, -1, -1, 61.485714285714295
ia-batch19/gametrailers-2009_20130130.mp4, -1, -1, 53.722222222222214
ia-batch19/IGNentertainment-900_20160104.mp4, -1, -1, 78.8484848484849
ia-batch19/Flickr-21822240172.mp4, -1, -1, 70.44736842105259
ia-batch19/Flickr-36447056395.mp4, -1, -1, 73.1081081081081
ia-batch19/lctvmav-At_Nauset_Beach_Storms_Erase_the_Present_and_Reveal_the_Past.mp4, -1, -1, 68.81081081081078
ia-batch20/rossmanngroup-96_20151002.mp4, -1, -1, 61.3888888888889
ia-batch20/youtube-Ged81jWDE7Q.mp4, -1, -1, 77.2777777777778
ia-batch20/youtube-YLtVrbHIolk.mp4, -1, -1, 49.0
ia-batch20/youtube-EFK88RcFJmk.mp4, -1, -1, 52.0
ia-batch20/mactvmiv-HATS_Promo_-_Tully.mp4, -1, -1, 66.4444444444444
ia-batch20/nightwatch_202001.mp4, -1, -1, 62.31578947368421
ia-batch20/youtube-VqVuhI7Put4.mp4, -1, -1, 69.18918918918922
ia-batch20/youtube-_tHm_SjyBHc.mp4, -1, -1, 53.0
ia-batch20/pmnmiv-Community_Spotlight_-_Southwest_Michigan_Eating_Disorder_Association_SMEDA.mp4, -1, -1, 73.1666666666667
ia-batch20/Pirate_Fun_Day.mp4, -1, -1, 77.4864864864865
ia-batch20/youtube-1lJ-n36zf6E.mp4, -1, -1, 58.31578947368421
ia-batch20/Lot613.mp4, -1, -1, 50.459459459459495
ia-batch20/youtube-T8WKIzXuN5E.mp4, -1, -1, 64.1621621621622
ia-batch21/youtube_UCfFQvJvUdN9LOp8PfP9qYGg_part_0003.mp4, -1, -1, 27.4594594594595
ia-batch21/youtube-OutsWocNX1g.mp4, -1, -1, 83.30555555555559
ia-batch21/youtube-YpFOZ6x9IKM.mp4, -1, -1, 62.8684210526316
ia-batch21/youtube-aL9cKHB-2Zg.mp4, -1, -1, 73.3611111111111
ia-batch21/youtube-MtVLm2Sw4h4.mp4, -1, -1, 78.1388888888889
ia-batch21/youtube-ugysk_Nq4ew.mp4, -1, -1, 83.8571428571429
ia-batch21/MartialArtsSupplies_201307.mp4, -1, -1, 59.263157894736786
ia-batch21/mactvmiv-MAC_TV_Summer_Video_Production_Camp_2018_Promo.mp4, -1, -1, 61.9166666666667
ia-batch21/youtube-oR_PoppEnN8.mp4, -1, -1, 28.4102564102564
ia-batch21/mactvmiv-Harrison_District_Library_June_2019_Events.mp4, -1, -1, 64.2702702702703
ia-batch21/youtube-LBnhZpso_KY.mp4, -1, -1, 61.743589743589794
ia-batch21/youtube-INGLEwsyVnI.mp4, -1, -1, 86.57142857142858
ia-batch22/youtube-UX1LvwiPjhA.mp4, -1, -1, 53.44117647058821
ia-batch22/youtube-EuKqnqOJfYg.mp4, -1, -1, 81.4545454545454
ia-batch22/youtube-kUnTffTfcXY.mp4, -1, -1, 60.9705882352941
ia-batch22/youtube-tN_fMBNp83g.mp4, -1, -1, 66.7428571428571
ia-batch22/PartTwoGreaterTerranUnionStellarisInvicta.mp4, -1, -1, 77.2424242424242
ia-batch22/pixabay-12919.mp4, -1, -1, 69.0294117647059
ia-batch22/TotalHalibut-1168_20121128.mp4, -1, -1, 79.1315789473684
ia-batch23/TaegukgiTheBrotherhoodOfWarChineseHumanWaves.mp4, -1, -1, 63.421052631579
ia-batch23/youtube-nTY7d0sInfQ.mp4, -1, -1, 44.1176470588235
ia-batch23/SonyBlackChairgas140ProCrashedPermanentlyAfterUnboxing.mp4, -1, -1, 32.4864864864865
ia-batch23/youtube-sQMeiKst3rk.mp4, -1, -1, 65.1111111111111
ia-batch23/youtube-7ttQfQwVnIE.mp4, -1, -1, 71.24242424242429
ia-batch23/youtube-XLXckEY22kk.mp4, -1, -1, 72.6969696969697
ia-batch23/youtube-J7tBDuGg3u0.mp4, -1, -1, 63.20588235294121
ia-batch23/youtube-70IDJsdh7o8.mp4, -1, -1, 61.79411764705879
ia-batch23/youtube-BdZf7GJ5psc.mp4, -1, -1, 74.7352941176471
ia-batch23/youtube-XdyRku0k-PI.mp4, -1, -1, 70.44736842105259
ia-batch23/TotalHalibut-1161_20121207.mp4, -1, -1, 71.40625
ia-batch23/youtube-qEWBc0T2AEQ.mp4, -1, -1, 76.3428571428571
ia-batch23/youtube-tMPCePh64Dc.mp4, -1, -1, 49.7297297297297
ia-batch24/youtube-gxlJrBs0SMA.mp4, -1, -1, 45.461538461538495
ia-batch24/youtube-cLpKy_PpHew.mp4, -1, -1, 37.868421052631604
ia-batch24/youtube-OzaomfZAINc.mp4, -1, -1, 40.837837837837895
ia-batch24/INTERLICHTSPIELHAUS1566927740835.mp4, -1, -1, 29.974358974359003
ia-batch24/youtube-L-rlrEGUd40.mp4, -1, -1, 40.625
ia-batch24/youtube_UCxBR44IXdJY0gsfHcIDMQuQ.mp4, -1, -1, 39.3333333333333
ia-batch24/youtube_UCfFQvJvUdN9LOp8PfP9qYGg_part_0003.mp4, -1, -1, 38.945945945945894
ia-batch24/youtube-oR_PoppEnN8.mp4, -1, -1, 45.3333333333333
